recall_1: 0.92769418824782309125
recall_3: 0.97874964832643288273
recall_10: 0.99367981244076420412
MRR: 0.9745850894278981725

