recall_1: 0.2398274622573688
recall_3: 0.4481667864845435
recall_10: 0.6562185478073329
MRR: 0.3790209124691328
