recall_1: 0.95492761835029347612
recall_3: 0.98183456729043812567
recall_10: 0.99673290185634912078
MRR: 0.9789012837465218347
