recall_1: 0.7529306130593106
recall_3: 0.9043248366339103
recall_10: 0.9695715069586471
MRR: 0.8354577430136376
