recall_1: 0.44709931660597596
recall_3: 0.6321644136279743
recall_10: 0.7900932807901432
MRR: 0.5642289088669383
